{
 "cells": [
  {
   "cell_type": "code",
   "execution_count": 1,
   "metadata": {
    "collapsed": true
   },
   "outputs": [],
   "source": [
    "from numpy import zeros, max, sqrt, isnan, isinf, dot, diag, count_nonzero\n",
    "from numpy.linalg import svd, linalg, LinAlgError, norm\n",
    "from scipy.linalg import svd as scipy_svd\n",
    "#from scipy.sparse.linalg import svds as scipy_svds"
   ]
  },
  {
   "cell_type": "code",
   "execution_count": 2,
   "metadata": {
    "collapsed": true
   },
   "outputs": [],
   "source": [
    "from matrixSketcher import MatrixSketcher"
   ]
  },
  {
   "cell_type": "code",
   "execution_count": 156,
   "metadata": {},
   "outputs": [],
   "source": [
    "class FrequentDirections():\n",
    "\n",
    "    def __init__(self , columns, rows):\n",
    "        self.class_name = 'FrequentDirections'\n",
    "        self.columns = columns\n",
    "        self.rows = rows\n",
    "        self._sketchMatrix = zeros((self.rows, self.columns)) \n",
    "        self.nextZeroRow = 0\n",
    "                 \n",
    "    def add(self,vector):     \n",
    "        if count_nonzero(vector) == 0:\n",
    "            return\n",
    "        \n",
    "        # If the approximate matrix is full, call the operate method to free half of the columns\n",
    "        if self.nextZeroRow >= self.rows:\n",
    "            self.__operate__()\n",
    "\n",
    "        # Push the new vector to the next zero row and increase the next zero row index\n",
    "        self._sketchMatrix[self.nextZeroRow,:] = vector \n",
    "        self.nextZeroRow += 1\n",
    "\n",
    "\n",
    "    # Shrink the approximate matrix\n",
    "    def __operate__(self):\n",
    "        # Calculating SVD\n",
    "        [_,s,Vt] = svd(self._sketchMatrix , full_matrices=False)\n",
    "        #Shrink the sketch matrix\n",
    "        self._sketchMatrix[:len(s),:] = dot(diag(s), Vt[:len(s),:])\n",
    "        self._sketchMatrix[int(len(s)/2):,:] = 0\n",
    "        self.nextZeroRow = int(len(s)/2)\n",
    "        \n",
    "    # Return the sketch matrix\n",
    "    def get(self):\n",
    "        return self._sketchMatrix[:self.rows,:]"
   ]
  },
  {
   "cell_type": "code",
   "execution_count": 145,
   "metadata": {
    "collapsed": true
   },
   "outputs": [],
   "source": [
    "import numpy as np"
   ]
  },
  {
   "cell_type": "code",
   "execution_count": 146,
   "metadata": {
    "collapsed": true
   },
   "outputs": [],
   "source": [
    "A = 100* np.random.rand(15,100)"
   ]
  },
  {
   "cell_type": "code",
   "execution_count": 147,
   "metadata": {
    "scrolled": true
   },
   "outputs": [
    {
     "data": {
      "text/plain": [
       "array([[ 37.52197039,  77.25179591,  17.49654454, ...,  22.04922202,\n",
       "         65.2714912 ,  56.12419002],\n",
       "       [  2.36641147,  42.38755876,  23.51267207, ...,  99.26302034,\n",
       "         91.94312121,  83.89611607],\n",
       "       [ 21.04304   ,  24.09540266,  39.62887844, ...,  10.45192141,\n",
       "         77.25819999,  14.07013378],\n",
       "       ..., \n",
       "       [ 60.93419184,  89.59128259,  45.37960566, ...,  63.57688727,\n",
       "         15.02064255,  46.2873135 ],\n",
       "       [ 37.52023161,  71.61122808,  34.93111175, ...,   7.08753106,\n",
       "         38.54164421,  43.68168284],\n",
       "       [ 53.04962162,   2.79789246,  79.01839606, ...,  48.21429461,\n",
       "         97.12083927,  22.61502111]])"
      ]
     },
     "execution_count": 147,
     "metadata": {},
     "output_type": "execute_result"
    }
   ],
   "source": [
    "A"
   ]
  },
  {
   "cell_type": "code",
   "execution_count": 148,
   "metadata": {},
   "outputs": [],
   "source": [
    "fd =  FrequentDirections(15,10)\n",
    "for i in range(99):\n",
    "    row = A[:,i]\n",
    "    fd.add(row)"
   ]
  },
  {
   "cell_type": "code",
   "execution_count": 149,
   "metadata": {
    "collapsed": true
   },
   "outputs": [],
   "source": [
    "matrix = fd.get()"
   ]
  },
  {
   "cell_type": "code",
   "execution_count": 150,
   "metadata": {},
   "outputs": [
    {
     "data": {
      "text/plain": [
       "array([[-496.94882558, -468.47301404, -488.44254778, -546.48264247,\n",
       "        -502.04112043, -434.46534665, -494.34118683, -460.02696784,\n",
       "        -514.79750443, -505.26211923, -488.89639668, -508.7187864 ,\n",
       "        -532.61884808, -457.52232433, -532.73194516],\n",
       "       [  20.0565233 ,  -60.90148489,  -30.15259595, -138.72795386,\n",
       "          57.60896926,   77.92350209,  -35.44429997,  101.4537957 ,\n",
       "         160.99771934,   79.23271601,  111.13353361, -175.44195587,\n",
       "         -46.73950028,  -35.2673097 ,  -55.91917436],\n",
       "       [ 113.92768425,  -57.5090749 ,   86.32547366,   13.80439597,\n",
       "         -59.27410699,  -88.26888508,  -64.16851045,  -13.38753793,\n",
       "         -21.37309339,  128.45131376,  -56.21047805,  -46.03009823,\n",
       "         127.25657783,   66.8571205 , -140.34312964],\n",
       "       [ -53.25961543,  151.99695461,   70.01102751,   -2.81859702,\n",
       "         -98.15360489, -106.84022975,  -18.18652085,  101.37750477,\n",
       "          27.45309578,  -66.36889749,   88.98331088,  -15.62594444,\n",
       "          30.08765116,  -54.76550595,  -49.68361245],\n",
       "       [ -36.47877718,   75.31043972,  -21.16988924,   98.83188911,\n",
       "         -68.31935078,   29.39555635,   19.33594048,   59.21399105,\n",
       "          24.64859901,  104.86601811, -105.20076149,  -43.60785097,\n",
       "        -145.61307115,   51.61935008,  -26.67658414],\n",
       "       [  61.00612817,   88.39461011,   28.76653483,   64.71332817,\n",
       "          93.70369705,   57.67966374,   61.15957483,   62.21630352,\n",
       "          92.36434392,   46.59728053,   64.79885865,   12.16366796,\n",
       "          44.22123243,   60.87144072,   19.82059844],\n",
       "       [  13.36102184,   84.20153851,   73.54991665,   42.78489493,\n",
       "          20.44337953,    5.29475456,   22.13320135,   95.1932178 ,\n",
       "          51.23416243,   12.50426683,   96.08164294,   10.84422   ,\n",
       "          34.60787409,   73.47676521,   29.72470786],\n",
       "       [  22.04922202,   99.26302034,   10.45192141,   56.75472529,\n",
       "           5.08704793,   69.32659004,    2.26106707,   97.02561982,\n",
       "          10.26253167,   21.40809887,   50.96920455,   86.76211794,\n",
       "          63.57688727,    7.08753106,   48.21429461],\n",
       "       [  65.2714912 ,   91.94312121,   77.25819999,   41.84647777,\n",
       "          45.4531928 ,    8.75867408,   56.56758194,   12.82374845,\n",
       "           7.73726034,    1.64540338,   61.97536154,   35.31872028,\n",
       "          15.02064255,   38.54164421,   97.12083927],\n",
       "       [   0.        ,    0.        ,    0.        ,    0.        ,\n",
       "           0.        ,    0.        ,    0.        ,    0.        ,\n",
       "           0.        ,    0.        ,    0.        ,    0.        ,\n",
       "           0.        ,    0.        ,    0.        ]])"
      ]
     },
     "execution_count": 150,
     "metadata": {},
     "output_type": "execute_result"
    }
   ],
   "source": [
    "matrix"
   ]
  },
  {
   "cell_type": "code",
   "execution_count": 151,
   "metadata": {
    "collapsed": true
   },
   "outputs": [],
   "source": [
    "approxCovarianceMatrix = dot(matrix.transpose(),matrix)"
   ]
  },
  {
   "cell_type": "code",
   "execution_count": 152,
   "metadata": {},
   "outputs": [
    {
     "data": {
      "text/plain": [
       "array([[ 273154.00476889,  228898.8027766 ,  257015.39842682,\n",
       "         275411.39979053,  260679.65602022,  217721.44962626,\n",
       "         245673.0048928 ,  229603.89879128,  261311.42576748,\n",
       "         270611.32745251,  248285.82307429,  251572.6290383 ,\n",
       "         287496.65980126,  242675.69878021,  260257.90190875],\n",
       "       [ 228898.8027766 ,  288468.17691092,  251617.81368296,\n",
       "         289485.89046552,  229717.16470215,  203071.56251875,\n",
       "         248821.55709213,  254295.05479001,  252830.55218519,\n",
       "         229746.94025579,  255677.31790854,  259841.5107026 ,\n",
       "         253167.53438087,  224017.82122455,  269456.71106983],\n",
       "       [ 257015.39842682,  251617.81368296,  264602.27299899,\n",
       "         278845.04328686,  240702.73778174,  197589.5649917 ,\n",
       "         243085.21883972,  237121.99756978,  253279.97487036,\n",
       "         251235.5152939 ,  253303.00886213,  254408.53510033,\n",
       "         283380.05504827,  235588.28477548,  257629.94224068],\n",
       "       [ 275411.39979053,  289485.89046552,  278845.04328686,\n",
       "         338845.56047009,  268200.38138073,  236865.77173454,\n",
       "         283542.74037489,  256846.30388571,  270132.13874007,\n",
       "         282283.87609366,  254122.50384061,  305096.71393259,\n",
       "         293410.95823259,  270197.46457622,  303807.48198617],\n",
       "       [ 260679.65602022,  229717.16470215,  240702.73778174,\n",
       "         268200.38138073,  284469.34894535,  242582.90757146,\n",
       "         259171.31362976,  232447.03136712,  274718.87211527,\n",
       "         254768.66669446,  264745.81092108,  255940.29989208,\n",
       "         270013.25757507,  234543.13003332,  286374.42039383],\n",
       "       [ 217721.44962626,  203071.56251875,  197589.5649917 ,\n",
       "         236865.77173454,  242582.90757146,  223140.40761408,\n",
       "         224484.75944885,  210793.96106098,  242263.27676551,\n",
       "         228780.66598425,  221753.30877459,  218883.54087168,\n",
       "         216307.61760021,  202225.59195412,  249501.93134644],\n",
       "       [ 245673.0048928 ,  248821.55709213,  243085.21883972,\n",
       "         283542.74037489,  259171.31362976,  224484.75944885,\n",
       "         257887.10920975,  230831.47415924,  257371.78738786,\n",
       "         245223.81143948,  247407.77094469,  263271.74316862,\n",
       "         257887.42979245,  232671.51524601,  282199.75191872],\n",
       "       [ 229603.89879128,  254295.05479001,  237121.99756978,\n",
       "         256846.30388571,  232447.03136712,  210793.96106098,\n",
       "         230831.47415924,  258391.6417445 ,  269402.02812384,\n",
       "         244421.90210216,  258642.45607756,  223335.16527922,\n",
       "         245408.28597698,  215467.75649046,  244646.50019865],\n",
       "       [ 261311.42576748,  252830.55218519,  253279.97487036,\n",
       "         270132.13874007,  274718.87211527,  242263.27676551,\n",
       "         257371.78738786,  269402.02812384,  304076.06740783,\n",
       "         276058.33653471,  282536.45731026,  235964.11238461,\n",
       "         267809.1241061 ,  237951.1268135 ,  270824.1608057 ],\n",
       "       [ 270611.32745251,  229746.94025579,  251235.5152939 ,\n",
       "         282283.87609366,  254768.66669446,  228780.66598425,\n",
       "         245223.81143948,  244421.90210216,  276058.33653471,\n",
       "         296257.76202562,  237082.23156461,  236304.97627796,\n",
       "         268367.46835708,  249980.46516081,  249698.61458866],\n",
       "       [ 248285.82307429,  255677.31790854,  253303.00886213,\n",
       "         254122.50384061,  264745.81092108,  221753.30877459,\n",
       "         247407.77094469,  258642.45607756,  282536.45731026,\n",
       "         237082.23156461,  293384.57610138,  243439.01064675,\n",
       "         276405.90143038,  219453.99969191,  273127.26628092],\n",
       "       [ 251572.6290383 ,  259841.5107026 ,  254408.53510033,\n",
       "         305096.71393259,  255940.29989208,  218883.54087168,\n",
       "         263271.74316862,  223335.16527922,  235964.11238461,\n",
       "         236304.97627796,  243439.01064675,  302879.89729711,\n",
       "         286135.1387677 ,  237978.27033298,  297397.77837306],\n",
       "       [ 287496.65980126,  253167.53438087,  283380.05504827,\n",
       "         293410.95823259,  270013.25757507,  216307.61760021,\n",
       "         257887.42979245,  245408.28597698,  267809.1241061 ,\n",
       "         268367.46835708,  276405.90143038,  286135.1387677 ,\n",
       "         331590.95070367,  250941.38880055,  277316.05139856],\n",
       "       [ 242675.69878021,  224017.82122455,  235588.28477548,\n",
       "         270197.46457622,  234543.13003332,  202225.59195412,\n",
       "         232671.51524601,  215467.75649046,  237951.1268135 ,\n",
       "         249980.46516081,  219453.99969191,  237978.27033298,\n",
       "         250941.38880055,  231344.01165432,  245145.36024747],\n",
       "       [ 260257.90190875,  269456.71106983,  257629.94224068,\n",
       "         303807.48198617,  286374.42039383,  249501.93134644,\n",
       "         282199.75191872,  244646.50019865,  270824.1608057 ,\n",
       "         249698.61458866,  273127.26628092,  297397.77837306,\n",
       "         277316.05139856,  245145.36024747,  322840.06498601]])"
      ]
     },
     "execution_count": 152,
     "metadata": {},
     "output_type": "execute_result"
    }
   ],
   "source": [
    "approxCovarianceMatrix"
   ]
  },
  {
   "cell_type": "code",
   "execution_count": 153,
   "metadata": {},
   "outputs": [],
   "source": [
    "approxCovarianceMatrix2 = dot(A.transpose(),A)"
   ]
  },
  {
   "cell_type": "code",
   "execution_count": 154,
   "metadata": {},
   "outputs": [
    {
     "data": {
      "text/plain": [
       "array([[ 45884.19115137,  33937.68235246,  42126.56473831, ...,\n",
       "         28589.901209  ,  24969.45084257,  37747.42495532],\n",
       "       [ 33937.68235246,  40553.70532702,  31016.23459234, ...,\n",
       "         29465.12120225,  26354.73882548,  37627.06149101],\n",
       "       [ 42126.56473831,  31016.23459234,  47920.89107311, ...,\n",
       "         30112.41262758,  33403.33360755,  37783.58365788],\n",
       "       ..., \n",
       "       [ 28589.901209  ,  29465.12120225,  30112.41262758, ...,\n",
       "         45026.81744463,  28207.32055992,  32383.74483551],\n",
       "       [ 24969.45084257,  26354.73882548,  33403.33360755, ...,\n",
       "         28207.32055992,  42235.37467736,  31353.36815675],\n",
       "       [ 37747.42495532,  37627.06149101,  37783.58365788, ...,\n",
       "         32383.74483551,  31353.36815675,  49833.27348255]])"
      ]
     },
     "execution_count": 154,
     "metadata": {},
     "output_type": "execute_result"
    }
   ],
   "source": [
    "approxCovarianceMatrix2"
   ]
  },
  {
   "cell_type": "code",
   "execution_count": 155,
   "metadata": {
    "collapsed": true
   },
   "outputs": [],
   "source": [
    "A = 100* np.random.rand(15,10)"
   ]
  },
  {
   "cell_type": "code",
   "execution_count": 34,
   "metadata": {},
   "outputs": [
    {
     "data": {
      "text/plain": [
       "array([[  9.13683495e+01,   4.75170797e+01,   8.48548078e+01,\n",
       "          3.47901189e+01,   5.25631998e+01,   3.14644655e+01,\n",
       "          2.35121828e+01,   7.86824682e+00,   1.99169407e+00,\n",
       "          2.03196219e+01],\n",
       "       [  4.50655695e+01,   5.93919690e+01,   5.35347504e+01,\n",
       "          9.01997153e+01,   5.50237992e+01,   9.71473737e+01,\n",
       "          4.39581405e+01,   2.78985522e-02,   8.25855460e+01,\n",
       "          7.14304483e+01],\n",
       "       [  5.90642119e+01,   1.62238953e+01,   7.15717259e+01,\n",
       "          7.57489911e+01,   9.98934164e+01,   9.08033336e+00,\n",
       "          8.09007869e+01,   9.37864206e+01,   1.37924050e+00,\n",
       "          4.72396815e+01],\n",
       "       [  8.78924874e+01,   1.42469576e+01,   4.74222598e+01,\n",
       "          1.56376280e+01,   1.70825464e+01,   5.63203704e+01,\n",
       "          1.21273777e+01,   9.15214127e+01,   8.67037081e+01,\n",
       "          3.70796722e+01],\n",
       "       [  8.41978560e+01,   8.29095040e+01,   1.05902199e+00,\n",
       "          2.11608873e+01,   4.62868852e+01,   6.67870699e+01,\n",
       "          7.57847070e+01,   2.25073308e+01,   8.35346441e+01,\n",
       "          3.20155890e+01],\n",
       "       [  7.01366839e+01,   1.15428294e+01,   1.59392346e+01,\n",
       "          7.47350256e+01,   1.93140976e+01,   8.78133175e+01,\n",
       "          5.85512403e+01,   2.36994161e+01,   3.17273753e+01,\n",
       "          5.15610087e+01],\n",
       "       [  7.72958564e+01,   2.16157695e+00,   6.61486968e+01,\n",
       "          2.04981992e+01,   9.37922514e+01,   1.40261397e+01,\n",
       "          8.61681815e+01,   9.55416597e+01,   5.83944726e+00,\n",
       "          9.68054599e+01],\n",
       "       [  8.20204883e+01,   9.58708131e+00,   3.88019959e+01,\n",
       "          7.95999253e+01,   5.66488547e+01,   5.26286052e+01,\n",
       "          3.04897967e+01,   8.77649809e+01,   5.11078532e+01,\n",
       "          5.59984177e+01],\n",
       "       [  3.85913609e+00,   7.01447762e+01,   7.58160658e+01,\n",
       "          2.74350053e+01,   8.81275045e+01,   9.41928497e+01,\n",
       "          1.87271129e+01,   5.60808233e+01,   2.78429725e+01,\n",
       "          3.48925897e+01],\n",
       "       [  7.79683735e+01,   6.86447795e+01,   5.05402253e+01,\n",
       "          6.35009243e+01,   9.81086395e+01,   2.05267491e+01,\n",
       "          9.35124055e+01,   7.52689253e+01,   5.08161783e+00,\n",
       "          1.98136651e+01],\n",
       "       [  6.07576811e+00,   5.85892575e+01,   8.68070379e+01,\n",
       "          6.74632485e+01,   2.96271533e+01,   1.34199019e+01,\n",
       "          3.43564297e+01,   5.61422843e+01,   6.72776845e+01,\n",
       "          3.22069490e+01],\n",
       "       [  1.33297978e+01,   8.94252382e+01,   8.58528115e+01,\n",
       "          3.02814402e+01,   5.55727339e+01,   6.43316612e+01,\n",
       "          7.09244562e+01,   9.08947139e+00,   8.67813484e+01,\n",
       "          3.73390878e+01],\n",
       "       [  6.07428033e+01,   1.31237916e+01,   9.54653397e+01,\n",
       "          6.52083181e+01,   7.99648784e+01,   9.75066334e+01,\n",
       "          6.46543094e+01,   7.38319864e+01,   2.73863006e+01,\n",
       "          1.18685986e+01],\n",
       "       [  9.29878294e+01,   7.10519165e+01,   6.87700047e+01,\n",
       "          7.08547590e+01,   2.54736616e+01,   2.10117418e+01,\n",
       "          7.48942310e+01,   9.77784187e+01,   2.22675569e+01,\n",
       "          1.24381697e+01],\n",
       "       [  8.55175333e+01,   4.33581540e+01,   5.59564350e+01,\n",
       "          5.89370461e+01,   2.59069872e+01,   1.11576865e+01,\n",
       "          8.68451479e+00,   2.54507958e+01,   6.67388474e+01,\n",
       "          5.20627623e+01]])"
      ]
     },
     "execution_count": 34,
     "metadata": {},
     "output_type": "execute_result"
    }
   ],
   "source": [
    "A"
   ]
  },
  {
   "cell_type": "code",
   "execution_count": 35,
   "metadata": {
    "collapsed": true
   },
   "outputs": [],
   "source": [
    "U, s, V = svd(A,full_matrices=True)"
   ]
  },
  {
   "cell_type": "code",
   "execution_count": 37,
   "metadata": {},
   "outputs": [
    {
     "data": {
      "text/plain": [
       "array([ 641.25855545,  194.89682012,  147.58406169,  122.40965389,\n",
       "        116.41323723,   99.16505873,   95.77053128,   87.76287353,\n",
       "         58.47661079,   42.15444507])"
      ]
     },
     "execution_count": 37,
     "metadata": {},
     "output_type": "execute_result"
    }
   ],
   "source": [
    "s"
   ]
  },
  {
   "cell_type": "code",
   "execution_count": 48,
   "metadata": {},
   "outputs": [
    {
     "data": {
      "text/plain": [
       "array([[ -2.40956709e+02,  -1.67137446e+02,  -2.32137238e+02,\n",
       "         -2.07552446e+02,  -2.24948000e+02,  -1.89818481e+02,\n",
       "         -2.08270458e+02,  -2.17604072e+02,  -1.61314526e+02,\n",
       "         -1.57697836e+02],\n",
       "       [  3.56778850e+01,  -6.90676138e+01,   6.64606665e+00,\n",
       "         -3.39733602e+00,   4.22073801e+01,  -8.88426904e+01,\n",
       "          3.24458621e+01,   9.58593647e+01,  -1.09360195e+02,\n",
       "         -3.14976468e+00],\n",
       "       [  9.40179537e+01,  -4.50990208e+01,  -5.91264506e+01,\n",
       "          1.20424374e+01,  -6.23774475e+01,  -2.00224950e+00,\n",
       "         -2.25382721e+01,   1.98253250e+01,   4.26981481e+01,\n",
       "          2.54498819e+01],\n",
       "       [  3.15816756e+01,   7.57857961e+01,   1.91129626e+00,\n",
       "         -7.64164399e+00,  -2.44888152e+01,  -7.48875600e+01,\n",
       "          2.69008803e+01,  -1.07911064e+01,   1.35889811e+01,\n",
       "         -3.07988963e+01],\n",
       "       [  2.55236458e+01,   7.93556831e+00,  -6.20850287e+01,\n",
       "         -4.96748082e+00,   2.77059293e+01,   2.92619044e+01,\n",
       "          5.97293997e+01,  -4.81800487e+01,  -3.79570643e+01,\n",
       "          2.20245951e+00],\n",
       "       [ -1.80112923e+01,   5.02084189e+00,  -2.45515551e+01,\n",
       "         -7.14282818e+01,   1.87291649e+01,  -5.24305450e+00,\n",
       "          1.73653679e+01,   3.23767541e+01,   3.59045154e+01,\n",
       "          2.76061477e+01],\n",
       "       [  1.88212904e+01,   1.24130512e+01,   6.60882670e-01,\n",
       "         -2.89633521e+01,  -1.08440264e+01,   4.47141300e+01,\n",
       "         -7.17042641e+00,   3.30239441e+01,  -1.25378033e+01,\n",
       "         -6.63944168e+01],\n",
       "       [ -4.18452831e+01,   7.02923900e-02,  -3.37683933e+01,\n",
       "          4.11002679e+01,  -2.08752272e+01,   3.05767552e-01,\n",
       "          3.28139508e+01,   3.38205618e+01,   1.45102988e+01,\n",
       "         -1.59608822e+01],\n",
       "       [ -1.66144963e-01,  -2.27892748e+01,   2.69283630e+01,\n",
       "         -1.25580695e+01,  -2.54197866e+01,   3.10803740e+00,\n",
       "          3.48482626e+01,  -1.08001975e+01,   4.97061784e+00,\n",
       "         -2.39068059e+00],\n",
       "       [ -3.23138176e+00,   1.65376248e+01,   1.44068958e+00,\n",
       "         -3.48626359e+00,  -2.15239100e+01,   8.77453690e+00,\n",
       "         -1.13590519e+00,   8.18628986e+00,  -2.05103327e+01,\n",
       "          2.12033532e+01]])"
      ]
     },
     "execution_count": 48,
     "metadata": {},
     "output_type": "execute_result"
    }
   ],
   "source": [
    "sketchMatrix = zeros((10, 10))\n",
    "sketchMatrix[:len(s),:] = dot(diag(s), V[:len(s),:])\n",
    "sketchMatrix"
   ]
  },
  {
   "cell_type": "code",
   "execution_count": 52,
   "metadata": {},
   "outputs": [
    {
     "data": {
      "text/plain": [
       "array([[-240.9567093 , -167.1374461 , -232.13723805, -207.55244605,\n",
       "        -224.94800005, -189.81848119, -208.27045829, -217.60407157,\n",
       "        -161.3145263 , -157.69783594],\n",
       "       [  35.67788503,  -69.06761384,    6.64606665,   -3.39733602,\n",
       "          42.20738015,  -88.84269044,   32.44586207,   95.85936468,\n",
       "        -109.36019511,   -3.14976468],\n",
       "       [  94.01795372,  -45.0990208 ,  -59.12645056,   12.04243739,\n",
       "         -62.37744746,   -2.0022495 ,  -22.53827207,   19.825325  ,\n",
       "          42.6981481 ,   25.44988188],\n",
       "       [  31.58167556,   75.7857961 ,    1.91129626,   -7.64164399,\n",
       "         -24.48881516,  -74.88755998,   26.90088026,  -10.79110637,\n",
       "          13.58898113,  -30.79889635],\n",
       "       [  25.52364577,    7.93556831,  -62.08502868,   -4.96748082,\n",
       "          27.70592931,   29.26190444,   59.72939967,  -48.18004874,\n",
       "         -37.95706433,    2.20245951],\n",
       "       [   0.        ,    0.        ,    0.        ,    0.        ,\n",
       "           0.        ,    0.        ,    0.        ,    0.        ,\n",
       "           0.        ,    0.        ],\n",
       "       [   0.        ,    0.        ,    0.        ,    0.        ,\n",
       "           0.        ,    0.        ,    0.        ,    0.        ,\n",
       "           0.        ,    0.        ],\n",
       "       [   0.        ,    0.        ,    0.        ,    0.        ,\n",
       "           0.        ,    0.        ,    0.        ,    0.        ,\n",
       "           0.        ,    0.        ],\n",
       "       [   0.        ,    0.        ,    0.        ,    0.        ,\n",
       "           0.        ,    0.        ,    0.        ,    0.        ,\n",
       "           0.        ,    0.        ],\n",
       "       [   0.        ,    0.        ,    0.        ,    0.        ,\n",
       "           0.        ,    0.        ,    0.        ,    0.        ,\n",
       "           0.        ,    0.        ]])"
      ]
     },
     "execution_count": 52,
     "metadata": {},
     "output_type": "execute_result"
    }
   ],
   "source": [
    "sketchMatrix[int(len(s)/2):,:] = 0\n",
    "sketchMatrix"
   ]
  },
  {
   "cell_type": "code",
   "execution_count": null,
   "metadata": {
    "collapsed": true
   },
   "outputs": [],
   "source": []
  }
 ],
 "metadata": {
  "kernelspec": {
   "display_name": "Python 3",
   "language": "python",
   "name": "python3"
  },
  "language_info": {
   "codemirror_mode": {
    "name": "ipython",
    "version": 3
   },
   "file_extension": ".py",
   "mimetype": "text/x-python",
   "name": "python",
   "nbconvert_exporter": "python",
   "pygments_lexer": "ipython3",
   "version": "3.5.2"
  }
 },
 "nbformat": 4,
 "nbformat_minor": 2
}
