{
 "cells": [
  {
   "cell_type": "code",
   "execution_count": 1,
   "metadata": {
    "collapsed": true
   },
   "outputs": [],
   "source": [
    "from numpy import zeros, max, sqrt, isnan, isinf, dot, diag, count_nonzero\n",
    "from numpy.linalg import svd, linalg, LinAlgError, norm\n",
    "from scipy.linalg import svd as scipy_svd\n",
    "#from scipy.sparse.linalg import svds as scipy_svds"
   ]
  },
  {
   "cell_type": "code",
   "execution_count": 2,
   "metadata": {
    "collapsed": true
   },
   "outputs": [],
   "source": [
    "from matrixSketcher import MatrixSketcher"
   ]
  },
  {
   "cell_type": "code",
   "execution_count": 137,
   "metadata": {},
   "outputs": [],
   "source": [
    "class FrequentDirections(MatrixSketcher):\n",
    "\n",
    "    def __init__(self , columns, rows):\n",
    "        self.class_name = 'FrequentDirections'\n",
    "        self.columns = columns\n",
    "        self.rows = rows\n",
    "#         self.maxRow = 2*self.rows\n",
    "#         self._sketchMatrix = zeros((self.maxRow, self.columns)) \n",
    "        self._sketchMatrix = zeros((self.rows, self.columns)) \n",
    "        self.nextZeroRow = 0\n",
    "                 \n",
    "    def append(self,vector):     \n",
    "        if count_nonzero(vector) == 0:\n",
    "            return\n",
    "\n",
    "#         if self.nextZeroRow >= self.maxRow:\n",
    "#             self.__operate__()\n",
    "        \n",
    "        # If the approximate matrix is full, call the operate method to free half of the columns\n",
    "        if self.nextZeroRow >= self.rows:\n",
    "            self.__operate__()\n",
    "\n",
    "        # Push the new vector to the next zero row and increase the next zero row index\n",
    "        self._sketchMatrix[self.nextZeroRow,:] = vector \n",
    "        self.nextZeroRow += 1\n",
    "\n",
    "\n",
    "    # Shrink the approximate matrix\n",
    "    def __operate__(self):\n",
    "        # Calculating SVD\n",
    "        [_,s,Vt] = svd(self._sketchMatrix , full_matrices=False)\n",
    "        #Shrink the sketch matrix\n",
    "        self._sketchMatrix[:len(s),:] = dot(diag(s), Vt[:len(s),:])\n",
    "        self._sketchMatrix[int(len(s)/2):,:] = 0\n",
    "        self.nextZeroRow = int(len(s)/2)\n",
    "        \n",
    "        \n",
    "#         try:\n",
    "#             [_,s,Vt] = svd(self._sketchMatrix , full_matrices=False)\n",
    "#         except linalg.LinAlgError as err:\n",
    "#             [_,s,Vt] = scipy_svd(self._sketchMatrix, full_matrices = False)\n",
    "        \n",
    "        # If lenghts of matrix s is greater than number of rows\n",
    "        # shrink the matrix s\n",
    "#         if len(s) >= self.rows:\n",
    "#             sShrunk = sqrt(s[:self.rows]**2 - s[self.rows-1]**2)\n",
    "#             self._sketchMatrix[:self.rows:,:] = dot(diag(sShrunk), Vt[:self.rows,:])\n",
    "#             self._sketchMatrix[self.rows:,:] = 0\n",
    "#             self.nextZeroRow = self.rows\n",
    "#         else:\n",
    "#             self._sketchMatrix[:len(s),:] = dot(diag(s), Vt[:len(s),:])\n",
    "#             self._sketchMatrix[len(s):,:] = 0\n",
    "#             self.nextZeroRow = self.rows/2\n",
    "#             self.nextZeroRow\n",
    "        \n",
    "    # Return the sketch matrix\n",
    "    def get(self):\n",
    "        return self._sketchMatrix[:self.rows,:]"
   ]
  },
  {
   "cell_type": "code",
   "execution_count": 138,
   "metadata": {
    "collapsed": true
   },
   "outputs": [],
   "source": [
    "import numpy as np"
   ]
  },
  {
   "cell_type": "code",
   "execution_count": 139,
   "metadata": {
    "collapsed": true
   },
   "outputs": [],
   "source": [
    "A = 100* np.random.rand(15,100)"
   ]
  },
  {
   "cell_type": "code",
   "execution_count": 140,
   "metadata": {
    "scrolled": true
   },
   "outputs": [
    {
     "data": {
      "text/plain": [
       "array([[ 65.77282979,   2.4942881 ,  74.96516603, ...,  93.99723624,\n",
       "         24.52915334,  72.15973051],\n",
       "       [ 54.46728206,  24.14411667,   1.35794203, ...,  90.1678616 ,\n",
       "         71.65331301,   7.91426698],\n",
       "       [ 67.56133148,  39.49112078,  75.47707498, ...,  30.73700689,\n",
       "         67.63073557,  11.05880127],\n",
       "       ..., \n",
       "       [ 73.56105306,  71.66119067,  99.39929808, ...,  80.51993179,\n",
       "         13.05249098,  29.34253435],\n",
       "       [  3.77385362,   9.18200697,  57.54584547, ...,  46.25119315,\n",
       "         19.54905651,  70.32251597],\n",
       "       [ 17.66774265,  91.81194554,   8.17878825, ...,  17.25515296,\n",
       "         26.21408016,  37.3865551 ]])"
      ]
     },
     "execution_count": 140,
     "metadata": {},
     "output_type": "execute_result"
    }
   ],
   "source": [
    "A"
   ]
  },
  {
   "cell_type": "code",
   "execution_count": 141,
   "metadata": {},
   "outputs": [
    {
     "ename": "TypeError",
     "evalue": "slice indices must be integers or None or have an __index__ method",
     "output_type": "error",
     "traceback": [
      "\u001b[0;31m---------------------------------------------------------------------------\u001b[0m",
      "\u001b[0;31mTypeError\u001b[0m                                 Traceback (most recent call last)",
      "\u001b[0;32m<ipython-input-141-9b43a0c99a89>\u001b[0m in \u001b[0;36m<module>\u001b[0;34m()\u001b[0m\n\u001b[1;32m      2\u001b[0m \u001b[0;32mfor\u001b[0m \u001b[0mi\u001b[0m \u001b[0;32min\u001b[0m \u001b[0mrange\u001b[0m\u001b[0;34m(\u001b[0m\u001b[0;36m99\u001b[0m\u001b[0;34m)\u001b[0m\u001b[0;34m:\u001b[0m\u001b[0;34m\u001b[0m\u001b[0m\n\u001b[1;32m      3\u001b[0m     \u001b[0mrow\u001b[0m \u001b[0;34m=\u001b[0m \u001b[0mA\u001b[0m\u001b[0;34m[\u001b[0m\u001b[0;34m:\u001b[0m\u001b[0;34m,\u001b[0m\u001b[0mi\u001b[0m\u001b[0;34m]\u001b[0m\u001b[0;34m\u001b[0m\u001b[0m\n\u001b[0;32m----> 4\u001b[0;31m     \u001b[0mfd\u001b[0m\u001b[0;34m.\u001b[0m\u001b[0mappend\u001b[0m\u001b[0;34m(\u001b[0m\u001b[0mrow\u001b[0m\u001b[0;34m)\u001b[0m\u001b[0;34m\u001b[0m\u001b[0m\n\u001b[0m",
      "\u001b[0;32m<ipython-input-137-a7f9cc0885d0>\u001b[0m in \u001b[0;36mappend\u001b[0;34m(self, vector)\u001b[0m\n\u001b[1;32m     18\u001b[0m \u001b[0;34m\u001b[0m\u001b[0m\n\u001b[1;32m     19\u001b[0m         \u001b[0;32mif\u001b[0m \u001b[0mself\u001b[0m\u001b[0;34m.\u001b[0m\u001b[0mnextZeroRow\u001b[0m \u001b[0;34m>=\u001b[0m \u001b[0mself\u001b[0m\u001b[0;34m.\u001b[0m\u001b[0mrows\u001b[0m\u001b[0;34m:\u001b[0m\u001b[0;34m\u001b[0m\u001b[0m\n\u001b[0;32m---> 20\u001b[0;31m             \u001b[0mself\u001b[0m\u001b[0;34m.\u001b[0m\u001b[0m__operate__\u001b[0m\u001b[0;34m(\u001b[0m\u001b[0;34m)\u001b[0m\u001b[0;34m\u001b[0m\u001b[0m\n\u001b[0m\u001b[1;32m     21\u001b[0m \u001b[0;34m\u001b[0m\u001b[0m\n\u001b[1;32m     22\u001b[0m         \u001b[0mself\u001b[0m\u001b[0;34m.\u001b[0m\u001b[0m_sketchMatrix\u001b[0m\u001b[0;34m[\u001b[0m\u001b[0mself\u001b[0m\u001b[0;34m.\u001b[0m\u001b[0mnextZeroRow\u001b[0m\u001b[0;34m,\u001b[0m\u001b[0;34m:\u001b[0m\u001b[0;34m]\u001b[0m \u001b[0;34m=\u001b[0m \u001b[0mvector\u001b[0m\u001b[0;34m\u001b[0m\u001b[0m\n",
      "\u001b[0;32m<ipython-input-137-a7f9cc0885d0>\u001b[0m in \u001b[0;36m__operate__\u001b[0;34m(self)\u001b[0m\n\u001b[1;32m     29\u001b[0m         \u001b[0;31m#Shrink the sketch matrix\u001b[0m\u001b[0;34m\u001b[0m\u001b[0;34m\u001b[0m\u001b[0m\n\u001b[1;32m     30\u001b[0m         \u001b[0mself\u001b[0m\u001b[0;34m.\u001b[0m\u001b[0m_sketchMatrix\u001b[0m\u001b[0;34m[\u001b[0m\u001b[0;34m:\u001b[0m\u001b[0mlen\u001b[0m\u001b[0;34m(\u001b[0m\u001b[0ms\u001b[0m\u001b[0;34m)\u001b[0m\u001b[0;34m,\u001b[0m\u001b[0;34m:\u001b[0m\u001b[0;34m]\u001b[0m \u001b[0;34m=\u001b[0m \u001b[0mdot\u001b[0m\u001b[0;34m(\u001b[0m\u001b[0mdiag\u001b[0m\u001b[0;34m(\u001b[0m\u001b[0ms\u001b[0m\u001b[0;34m)\u001b[0m\u001b[0;34m,\u001b[0m \u001b[0mVt\u001b[0m\u001b[0;34m[\u001b[0m\u001b[0;34m:\u001b[0m\u001b[0mlen\u001b[0m\u001b[0;34m(\u001b[0m\u001b[0ms\u001b[0m\u001b[0;34m)\u001b[0m\u001b[0;34m,\u001b[0m\u001b[0;34m:\u001b[0m\u001b[0;34m]\u001b[0m\u001b[0;34m)\u001b[0m\u001b[0;34m\u001b[0m\u001b[0m\n\u001b[0;32m---> 31\u001b[0;31m         \u001b[0mself\u001b[0m\u001b[0;34m.\u001b[0m\u001b[0m_sketchMatrix\u001b[0m\u001b[0;34m[\u001b[0m\u001b[0mlen\u001b[0m\u001b[0;34m(\u001b[0m\u001b[0ms\u001b[0m\u001b[0;34m)\u001b[0m\u001b[0;34m/\u001b[0m\u001b[0;36m2\u001b[0m\u001b[0;34m:\u001b[0m\u001b[0;34m,\u001b[0m\u001b[0;34m:\u001b[0m\u001b[0;34m]\u001b[0m \u001b[0;34m=\u001b[0m \u001b[0;36m0\u001b[0m\u001b[0;34m\u001b[0m\u001b[0m\n\u001b[0m\u001b[1;32m     32\u001b[0m         \u001b[0mself\u001b[0m\u001b[0;34m.\u001b[0m\u001b[0mnextZeroRow\u001b[0m \u001b[0;34m=\u001b[0m \u001b[0mlen\u001b[0m\u001b[0;34m(\u001b[0m\u001b[0ms\u001b[0m\u001b[0;34m)\u001b[0m\u001b[0;34m/\u001b[0m\u001b[0;36m2\u001b[0m\u001b[0;34m\u001b[0m\u001b[0m\n\u001b[1;32m     33\u001b[0m \u001b[0;34m\u001b[0m\u001b[0m\n",
      "\u001b[0;31mTypeError\u001b[0m: slice indices must be integers or None or have an __index__ method"
     ]
    }
   ],
   "source": [
    "fd =  FrequentDirections(15,10)\n",
    "for i in range(99):\n",
    "    row = A[:,i]\n",
    "    fd.append(row)"
   ]
  },
  {
   "cell_type": "code",
   "execution_count": 135,
   "metadata": {
    "collapsed": true
   },
   "outputs": [],
   "source": [
    "matrix = fd.get()"
   ]
  },
  {
   "cell_type": "code",
   "execution_count": 136,
   "metadata": {},
   "outputs": [
    {
     "data": {
      "text/plain": [
       "array([[-504.54073396, -472.06869108, -563.47238687, -539.59225463,\n",
       "        -514.20958521, -510.31715969, -490.26726232, -514.01116026,\n",
       "        -498.91746962, -478.20280225, -499.19657773, -473.53050583,\n",
       "        -439.07362622, -481.34098829, -544.05397734],\n",
       "       [ -77.36704581,   33.62294086,   59.79115188,  -52.67276619,\n",
       "          85.58184495,   99.85203204,  127.9008868 ,   27.70719149,\n",
       "          99.39595032,   34.70446385, -118.40194151,  -52.93935438,\n",
       "         -42.35679882,  -21.38184728, -196.92748875],\n",
       "       [ -13.49653345,   44.49006335,  -63.43851727,   57.09790649,\n",
       "         154.58917784,  -74.60134861,   -1.4790501 ,  -97.42514345,\n",
       "         -62.91130293,   61.74173428, -142.65713873,  -30.64643269,\n",
       "         139.99464772,   15.66923972,   34.37811596],\n",
       "       [  50.39271584,   92.80302487,  105.04145181,  -88.11508705,\n",
       "        -126.50861681,  -40.03687517,  127.70470121,  -79.23976965,\n",
       "         -86.23035964,    2.52136694,  -35.52820497,  -47.88437762,\n",
       "          20.95908169,   87.3614948 ,   25.18307446],\n",
       "       [ -14.90834122,    2.92772506,   27.58348886,  147.71210259,\n",
       "         -49.18979434,  -49.5113757 ,   22.75321973,  -84.32326272,\n",
       "         -60.16078413,   88.455748  ,   77.44035421,   81.49229375,\n",
       "         -11.31453267,  -23.14469019, -146.64339314],\n",
       "       [  42.51491056,   63.27295963,   11.5552255 ,   51.52175028,\n",
       "          79.84298814,   17.35988873,   49.85146893,   94.6933357 ,\n",
       "          46.22932049,   22.18423311,   98.16110713,   69.75210628,\n",
       "          33.01382406,   86.19048356,   21.43018483],\n",
       "       [  35.36200786,   24.03633642,   87.89224259,   88.49856462,\n",
       "          74.8459364 ,   85.62014053,    8.91160708,   84.11790937,\n",
       "           2.70795985,   96.5244315 ,   27.38766267,   76.13575999,\n",
       "          24.88791641,   16.84573445,   77.31850843],\n",
       "       [  63.99580649,   32.14214338,   72.20451579,   58.59205587,\n",
       "          81.54050657,   12.3687551 ,   11.45170226,   18.37404476,\n",
       "          48.85665882,   43.66293959,   82.02451057,   61.38710945,\n",
       "          97.21073704,   29.95016214,   75.09597693],\n",
       "       [  38.35841833,    9.67076235,   94.4114954 ,   82.29000031,\n",
       "          32.34116778,   78.3177239 ,   97.75224485,   60.86292935,\n",
       "          76.03701384,   12.29020115,   30.64893938,   35.35223372,\n",
       "          67.97306195,   26.29828512,   78.0601341 ],\n",
       "       [   0.        ,    0.        ,    0.        ,    0.        ,\n",
       "           0.        ,    0.        ,    0.        ,    0.        ,\n",
       "           0.        ,    0.        ,    0.        ,    0.        ,\n",
       "           0.        ,    0.        ,    0.        ]])"
      ]
     },
     "execution_count": 136,
     "metadata": {},
     "output_type": "execute_result"
    }
   ],
   "source": [
    "matrix"
   ]
  },
  {
   "cell_type": "code",
   "execution_count": 98,
   "metadata": {
    "collapsed": true
   },
   "outputs": [],
   "source": [
    "approxCovarianceMatrix = dot(matrix.transpose(),matrix)"
   ]
  },
  {
   "cell_type": "code",
   "execution_count": 12,
   "metadata": {},
   "outputs": [
    {
     "data": {
      "text/plain": [
       "array([[ 199183.64105674,  218036.83291039,  213354.90269641,\n",
       "         190126.65397378,  194968.99828445,  214661.87836235,\n",
       "         214824.75494672,  193771.80047744,  221786.96248809,\n",
       "         203083.88529533,  217504.50691566,  202768.52854814,\n",
       "         200694.70538618,  195960.64131011,  204460.92433377],\n",
       "       [ 218036.83291039,  254296.71710269,  246779.32835732,\n",
       "         225592.66052403,  223162.61617308,  243728.38508159,\n",
       "         248134.64249593,  225099.07307122,  250339.455056  ,\n",
       "         231010.74334872,  254208.0423448 ,  233221.60790554,\n",
       "         232094.33930258,  222947.98027526,  230416.27233598],\n",
       "       [ 213354.90269641,  246779.32835732,  256025.16637465,\n",
       "         230126.2851211 ,  222003.22628737,  252015.53845328,\n",
       "         248177.03630468,  222379.96863142,  259110.17974628,\n",
       "         235489.20659516,  251269.58201432,  238017.34617585,\n",
       "         234922.97202712,  228116.75752146,  233232.13777866],\n",
       "       [ 190126.65397378,  225592.66052403,  230126.2851211 ,\n",
       "         224782.54364752,  196774.92235009,  233782.58403662,\n",
       "         235405.72438918,  205204.80800615,  231734.347518  ,\n",
       "         225858.23884279,  241103.52273655,  215712.65327548,\n",
       "         213259.83887902,  215177.36517377,  210586.30991814],\n",
       "       [ 194968.99828445,  223162.61617308,  222003.22628737,\n",
       "         196774.92235009,  210836.25107357,  218327.94169861,\n",
       "         222564.83382461,  200855.64064954,  235900.04594451,\n",
       "         206119.07112584,  221590.87367036,  209463.84299866,\n",
       "         207651.93139729,  199505.08253408,  214501.71808991],\n",
       "       [ 214661.87836235,  243728.38508159,  252015.53845328,\n",
       "         233782.58403662,  218327.94169861,  267135.15103126,\n",
       "         255592.49832465,  230208.01834463,  267708.60910121,\n",
       "         241759.77057723,  254661.86743839,  241358.96966864,\n",
       "         242247.58807737,  234438.09530332,  232326.74360241],\n",
       "       [ 214824.75494672,  248134.64249593,  248177.03630468,\n",
       "         235405.72438918,  222564.83382461,  255592.49832465,\n",
       "         266879.82089144,  229579.81056514,  262500.53945571,\n",
       "         248012.56982882,  258953.07104652,  231187.20998987,\n",
       "         235237.80217074,  236057.00333214,  237698.96631208],\n",
       "       [ 193771.80047744,  225099.07307122,  222379.96863142,\n",
       "         205204.80800615,  200855.64064954,  230208.01834463,\n",
       "         229579.81056514,  210819.78560789,  232555.44627054,\n",
       "         215667.78691155,  229388.48458725,  212541.96495346,\n",
       "         215822.20222842,  203247.75522684,  210631.82826868],\n",
       "       [ 221786.96248809,  250339.455056  ,  259110.17974628,\n",
       "         231734.347518  ,  235900.04594451,  267708.60910121,\n",
       "         262500.53945571,  232555.44627054,  285320.95295888,\n",
       "         241166.8613627 ,  252908.47785494,  247045.91613225,\n",
       "         245343.64402253,  240188.34985345,  244394.78924439],\n",
       "       [ 203083.88529533,  231010.74334872,  235489.20659516,\n",
       "         225858.23884279,  206119.07112584,  241759.77057723,\n",
       "         248012.56982882,  215667.78691155,  241166.8613627 ,\n",
       "         241573.29585827,  245604.14732685,  219790.83610864,\n",
       "         219786.31839075,  222331.7525702 ,  225619.13035033],\n",
       "       [ 217504.50691566,  254208.0423448 ,  251269.58201432,\n",
       "         241103.52273655,  221590.87367036,  254661.86743839,\n",
       "         258953.07104652,  229388.48458725,  252908.47785494,\n",
       "         245604.14732685,  268326.27076988,  234923.20734625,\n",
       "         236969.73204491,  232672.50814116,  234317.41970287],\n",
       "       [ 202768.52854814,  233221.60790554,  238017.34617585,\n",
       "         215712.65327548,  209463.84299866,  241358.96966864,\n",
       "         231187.20998987,  212541.96495346,  247045.91613225,\n",
       "         219790.83610864,  234923.20734625,  229249.29262834,\n",
       "         223303.12763977,  214797.00881967,  217843.79430278],\n",
       "       [ 200694.70538618,  232094.33930258,  234922.97202712,\n",
       "         213259.83887902,  207651.93139729,  242247.58807737,\n",
       "         235237.80217074,  215822.20222842,  245343.64402253,\n",
       "         219786.31839075,  236969.73204491,  223303.12763977,\n",
       "         225876.13927366,  212315.32220612,  216782.74878486],\n",
       "       [ 195960.64131011,  222947.98027526,  228116.75752146,\n",
       "         215177.36517377,  199505.08253408,  234438.09530332,\n",
       "         236057.00333214,  203247.75522684,  240188.34985345,\n",
       "         222331.7525702 ,  232672.50814116,  214797.00881967,\n",
       "         212315.32220612,  216482.09076615,  213147.52423217],\n",
       "       [ 204460.92433377,  230416.27233598,  233232.13777866,\n",
       "         210586.30991814,  214501.71808991,  232326.74360241,\n",
       "         237698.96631208,  210631.82826868,  244394.78924439,\n",
       "         225619.13035033,  234317.41970287,  217843.79430278,\n",
       "         216782.74878486,  213147.52423217,  225684.1652206 ]])"
      ]
     },
     "execution_count": 12,
     "metadata": {},
     "output_type": "execute_result"
    }
   ],
   "source": [
    "approxCovarianceMatrix"
   ]
  },
  {
   "cell_type": "code",
   "execution_count": 14,
   "metadata": {},
   "outputs": [],
   "source": [
    "approxCovarianceMatrix2 = dot(A.transpose(),A)"
   ]
  },
  {
   "cell_type": "code",
   "execution_count": 15,
   "metadata": {},
   "outputs": [
    {
     "data": {
      "text/plain": [
       "array([[ 52506.01106826,  31433.11928973,  41442.19418838, ...,\n",
       "         45114.1594982 ,  39020.04692864,  44425.497424  ],\n",
       "       [ 31433.11928973,  39262.61058979,  35889.56719816, ...,\n",
       "         32677.55771559,  29527.6165797 ,  32046.75948525],\n",
       "       [ 41442.19418838,  35889.56719816,  54625.86785636, ...,\n",
       "         45447.67793142,  40548.99742303,  40075.95365588],\n",
       "       ..., \n",
       "       [ 45114.1594982 ,  32677.55771559,  45447.67793142, ...,\n",
       "         55804.34756686,  38458.87856473,  43901.96180028],\n",
       "       [ 39020.04692864,  29527.6165797 ,  40548.99742303, ...,\n",
       "         38458.87856473,  48340.0885645 ,  36848.02198127],\n",
       "       [ 44425.497424  ,  32046.75948525,  40075.95365588, ...,\n",
       "         43901.96180028,  36848.02198127,  49746.37482157]])"
      ]
     },
     "execution_count": 15,
     "metadata": {},
     "output_type": "execute_result"
    }
   ],
   "source": [
    "approxCovarianceMatrix2"
   ]
  },
  {
   "cell_type": "code",
   "execution_count": 33,
   "metadata": {
    "collapsed": true
   },
   "outputs": [],
   "source": [
    "A = 100* np.random.rand(15,10)"
   ]
  },
  {
   "cell_type": "code",
   "execution_count": 34,
   "metadata": {},
   "outputs": [
    {
     "data": {
      "text/plain": [
       "array([[  9.13683495e+01,   4.75170797e+01,   8.48548078e+01,\n",
       "          3.47901189e+01,   5.25631998e+01,   3.14644655e+01,\n",
       "          2.35121828e+01,   7.86824682e+00,   1.99169407e+00,\n",
       "          2.03196219e+01],\n",
       "       [  4.50655695e+01,   5.93919690e+01,   5.35347504e+01,\n",
       "          9.01997153e+01,   5.50237992e+01,   9.71473737e+01,\n",
       "          4.39581405e+01,   2.78985522e-02,   8.25855460e+01,\n",
       "          7.14304483e+01],\n",
       "       [  5.90642119e+01,   1.62238953e+01,   7.15717259e+01,\n",
       "          7.57489911e+01,   9.98934164e+01,   9.08033336e+00,\n",
       "          8.09007869e+01,   9.37864206e+01,   1.37924050e+00,\n",
       "          4.72396815e+01],\n",
       "       [  8.78924874e+01,   1.42469576e+01,   4.74222598e+01,\n",
       "          1.56376280e+01,   1.70825464e+01,   5.63203704e+01,\n",
       "          1.21273777e+01,   9.15214127e+01,   8.67037081e+01,\n",
       "          3.70796722e+01],\n",
       "       [  8.41978560e+01,   8.29095040e+01,   1.05902199e+00,\n",
       "          2.11608873e+01,   4.62868852e+01,   6.67870699e+01,\n",
       "          7.57847070e+01,   2.25073308e+01,   8.35346441e+01,\n",
       "          3.20155890e+01],\n",
       "       [  7.01366839e+01,   1.15428294e+01,   1.59392346e+01,\n",
       "          7.47350256e+01,   1.93140976e+01,   8.78133175e+01,\n",
       "          5.85512403e+01,   2.36994161e+01,   3.17273753e+01,\n",
       "          5.15610087e+01],\n",
       "       [  7.72958564e+01,   2.16157695e+00,   6.61486968e+01,\n",
       "          2.04981992e+01,   9.37922514e+01,   1.40261397e+01,\n",
       "          8.61681815e+01,   9.55416597e+01,   5.83944726e+00,\n",
       "          9.68054599e+01],\n",
       "       [  8.20204883e+01,   9.58708131e+00,   3.88019959e+01,\n",
       "          7.95999253e+01,   5.66488547e+01,   5.26286052e+01,\n",
       "          3.04897967e+01,   8.77649809e+01,   5.11078532e+01,\n",
       "          5.59984177e+01],\n",
       "       [  3.85913609e+00,   7.01447762e+01,   7.58160658e+01,\n",
       "          2.74350053e+01,   8.81275045e+01,   9.41928497e+01,\n",
       "          1.87271129e+01,   5.60808233e+01,   2.78429725e+01,\n",
       "          3.48925897e+01],\n",
       "       [  7.79683735e+01,   6.86447795e+01,   5.05402253e+01,\n",
       "          6.35009243e+01,   9.81086395e+01,   2.05267491e+01,\n",
       "          9.35124055e+01,   7.52689253e+01,   5.08161783e+00,\n",
       "          1.98136651e+01],\n",
       "       [  6.07576811e+00,   5.85892575e+01,   8.68070379e+01,\n",
       "          6.74632485e+01,   2.96271533e+01,   1.34199019e+01,\n",
       "          3.43564297e+01,   5.61422843e+01,   6.72776845e+01,\n",
       "          3.22069490e+01],\n",
       "       [  1.33297978e+01,   8.94252382e+01,   8.58528115e+01,\n",
       "          3.02814402e+01,   5.55727339e+01,   6.43316612e+01,\n",
       "          7.09244562e+01,   9.08947139e+00,   8.67813484e+01,\n",
       "          3.73390878e+01],\n",
       "       [  6.07428033e+01,   1.31237916e+01,   9.54653397e+01,\n",
       "          6.52083181e+01,   7.99648784e+01,   9.75066334e+01,\n",
       "          6.46543094e+01,   7.38319864e+01,   2.73863006e+01,\n",
       "          1.18685986e+01],\n",
       "       [  9.29878294e+01,   7.10519165e+01,   6.87700047e+01,\n",
       "          7.08547590e+01,   2.54736616e+01,   2.10117418e+01,\n",
       "          7.48942310e+01,   9.77784187e+01,   2.22675569e+01,\n",
       "          1.24381697e+01],\n",
       "       [  8.55175333e+01,   4.33581540e+01,   5.59564350e+01,\n",
       "          5.89370461e+01,   2.59069872e+01,   1.11576865e+01,\n",
       "          8.68451479e+00,   2.54507958e+01,   6.67388474e+01,\n",
       "          5.20627623e+01]])"
      ]
     },
     "execution_count": 34,
     "metadata": {},
     "output_type": "execute_result"
    }
   ],
   "source": [
    "A"
   ]
  },
  {
   "cell_type": "code",
   "execution_count": 35,
   "metadata": {
    "collapsed": true
   },
   "outputs": [],
   "source": [
    "U, s, V = svd(A,full_matrices=True)"
   ]
  },
  {
   "cell_type": "code",
   "execution_count": 37,
   "metadata": {},
   "outputs": [
    {
     "data": {
      "text/plain": [
       "array([ 641.25855545,  194.89682012,  147.58406169,  122.40965389,\n",
       "        116.41323723,   99.16505873,   95.77053128,   87.76287353,\n",
       "         58.47661079,   42.15444507])"
      ]
     },
     "execution_count": 37,
     "metadata": {},
     "output_type": "execute_result"
    }
   ],
   "source": [
    "s"
   ]
  },
  {
   "cell_type": "code",
   "execution_count": 48,
   "metadata": {},
   "outputs": [
    {
     "data": {
      "text/plain": [
       "array([[ -2.40956709e+02,  -1.67137446e+02,  -2.32137238e+02,\n",
       "         -2.07552446e+02,  -2.24948000e+02,  -1.89818481e+02,\n",
       "         -2.08270458e+02,  -2.17604072e+02,  -1.61314526e+02,\n",
       "         -1.57697836e+02],\n",
       "       [  3.56778850e+01,  -6.90676138e+01,   6.64606665e+00,\n",
       "         -3.39733602e+00,   4.22073801e+01,  -8.88426904e+01,\n",
       "          3.24458621e+01,   9.58593647e+01,  -1.09360195e+02,\n",
       "         -3.14976468e+00],\n",
       "       [  9.40179537e+01,  -4.50990208e+01,  -5.91264506e+01,\n",
       "          1.20424374e+01,  -6.23774475e+01,  -2.00224950e+00,\n",
       "         -2.25382721e+01,   1.98253250e+01,   4.26981481e+01,\n",
       "          2.54498819e+01],\n",
       "       [  3.15816756e+01,   7.57857961e+01,   1.91129626e+00,\n",
       "         -7.64164399e+00,  -2.44888152e+01,  -7.48875600e+01,\n",
       "          2.69008803e+01,  -1.07911064e+01,   1.35889811e+01,\n",
       "         -3.07988963e+01],\n",
       "       [  2.55236458e+01,   7.93556831e+00,  -6.20850287e+01,\n",
       "         -4.96748082e+00,   2.77059293e+01,   2.92619044e+01,\n",
       "          5.97293997e+01,  -4.81800487e+01,  -3.79570643e+01,\n",
       "          2.20245951e+00],\n",
       "       [ -1.80112923e+01,   5.02084189e+00,  -2.45515551e+01,\n",
       "         -7.14282818e+01,   1.87291649e+01,  -5.24305450e+00,\n",
       "          1.73653679e+01,   3.23767541e+01,   3.59045154e+01,\n",
       "          2.76061477e+01],\n",
       "       [  1.88212904e+01,   1.24130512e+01,   6.60882670e-01,\n",
       "         -2.89633521e+01,  -1.08440264e+01,   4.47141300e+01,\n",
       "         -7.17042641e+00,   3.30239441e+01,  -1.25378033e+01,\n",
       "         -6.63944168e+01],\n",
       "       [ -4.18452831e+01,   7.02923900e-02,  -3.37683933e+01,\n",
       "          4.11002679e+01,  -2.08752272e+01,   3.05767552e-01,\n",
       "          3.28139508e+01,   3.38205618e+01,   1.45102988e+01,\n",
       "         -1.59608822e+01],\n",
       "       [ -1.66144963e-01,  -2.27892748e+01,   2.69283630e+01,\n",
       "         -1.25580695e+01,  -2.54197866e+01,   3.10803740e+00,\n",
       "          3.48482626e+01,  -1.08001975e+01,   4.97061784e+00,\n",
       "         -2.39068059e+00],\n",
       "       [ -3.23138176e+00,   1.65376248e+01,   1.44068958e+00,\n",
       "         -3.48626359e+00,  -2.15239100e+01,   8.77453690e+00,\n",
       "         -1.13590519e+00,   8.18628986e+00,  -2.05103327e+01,\n",
       "          2.12033532e+01]])"
      ]
     },
     "execution_count": 48,
     "metadata": {},
     "output_type": "execute_result"
    }
   ],
   "source": [
    "sketchMatrix = zeros((10, 10))\n",
    "sketchMatrix[:len(s),:] = dot(diag(s), V[:len(s),:])\n",
    "sketchMatrix"
   ]
  },
  {
   "cell_type": "code",
   "execution_count": 52,
   "metadata": {},
   "outputs": [
    {
     "data": {
      "text/plain": [
       "array([[-240.9567093 , -167.1374461 , -232.13723805, -207.55244605,\n",
       "        -224.94800005, -189.81848119, -208.27045829, -217.60407157,\n",
       "        -161.3145263 , -157.69783594],\n",
       "       [  35.67788503,  -69.06761384,    6.64606665,   -3.39733602,\n",
       "          42.20738015,  -88.84269044,   32.44586207,   95.85936468,\n",
       "        -109.36019511,   -3.14976468],\n",
       "       [  94.01795372,  -45.0990208 ,  -59.12645056,   12.04243739,\n",
       "         -62.37744746,   -2.0022495 ,  -22.53827207,   19.825325  ,\n",
       "          42.6981481 ,   25.44988188],\n",
       "       [  31.58167556,   75.7857961 ,    1.91129626,   -7.64164399,\n",
       "         -24.48881516,  -74.88755998,   26.90088026,  -10.79110637,\n",
       "          13.58898113,  -30.79889635],\n",
       "       [  25.52364577,    7.93556831,  -62.08502868,   -4.96748082,\n",
       "          27.70592931,   29.26190444,   59.72939967,  -48.18004874,\n",
       "         -37.95706433,    2.20245951],\n",
       "       [   0.        ,    0.        ,    0.        ,    0.        ,\n",
       "           0.        ,    0.        ,    0.        ,    0.        ,\n",
       "           0.        ,    0.        ],\n",
       "       [   0.        ,    0.        ,    0.        ,    0.        ,\n",
       "           0.        ,    0.        ,    0.        ,    0.        ,\n",
       "           0.        ,    0.        ],\n",
       "       [   0.        ,    0.        ,    0.        ,    0.        ,\n",
       "           0.        ,    0.        ,    0.        ,    0.        ,\n",
       "           0.        ,    0.        ],\n",
       "       [   0.        ,    0.        ,    0.        ,    0.        ,\n",
       "           0.        ,    0.        ,    0.        ,    0.        ,\n",
       "           0.        ,    0.        ],\n",
       "       [   0.        ,    0.        ,    0.        ,    0.        ,\n",
       "           0.        ,    0.        ,    0.        ,    0.        ,\n",
       "           0.        ,    0.        ]])"
      ]
     },
     "execution_count": 52,
     "metadata": {},
     "output_type": "execute_result"
    }
   ],
   "source": [
    "sketchMatrix[int(len(s)/2):,:] = 0\n",
    "sketchMatrix"
   ]
  },
  {
   "cell_type": "code",
   "execution_count": null,
   "metadata": {
    "collapsed": true
   },
   "outputs": [],
   "source": []
  }
 ],
 "metadata": {
  "kernelspec": {
   "display_name": "Python 3",
   "language": "python",
   "name": "python3"
  },
  "language_info": {
   "codemirror_mode": {
    "name": "ipython",
    "version": 3
   },
   "file_extension": ".py",
   "mimetype": "text/x-python",
   "name": "python",
   "nbconvert_exporter": "python",
   "pygments_lexer": "ipython3",
   "version": "3.5.2"
  }
 },
 "nbformat": 4,
 "nbformat_minor": 2
}
